3.3842139703209178
1.177346101499893
1.3053785736895605
2.618874823004874
2.6530608039590042
1.837201428674773
2.3830417549231777
1.0327022375215147
1.4972256398289472
1.6596046480430613
2.0026262578284584
1.1979973969934845
2.7055021672436133
1.7209202970069475
1.3904287481899236
1.4161919990711773
1.3188494927956682
1.723465439111942
1.312186046159377
2.714862414012765
1.2120862547571902
1.7599077509808145
1.6329996663162256
2.3455156319549237
2.0119947616456697
1.2609942714760218
4.702555754084635
1.3990775672182119
1.523604731485106
2.788687947240313
1.530798529910095
21.08785152121207
1.274861345412441
1.9767349002366728
2.9721452898442533
1.3343891692892351
2.8233393352070606
1.447110875011538
1.4613992375837386
1.4488593416076063
1.9736148685706916
1.6678850810188006
1.1872850612315966
2.0776122941626514
1.8935807880115645
1.5440299054113642
1.2786756387865992
1.7504323310431393
3.9219925180148056
2.4405542888028617
1.150780718966465
1.4802162713709621
3.5148560181402035
1.1830431693140335
2.6479617833609863
1.24561434420577
2.307277627819834
1.1681006124515048
1.8429730612165807
1.7610308203479643
1.2558653065386751
1.9603025332485782
1.1255489853258112
1.3002320434261916
7.004332516187937
8.46064101368438
1.327792563564531
2.493739798097155
4.716957822355594
2.3139537452767316
1.3951519924286686
1.271702642559263
1.7644582986405524
1.4522091290348496
1.882832430433768
2.2903441376177147
1.7352336314685395
3.9459633291657514
1.5849585207002719
1.2268571916174995
1.2417496249782338
2.11457586138892
1.6513472319707159
1.4161899428053817
1.9117098417121516
2.8182698146437257
2.353345332165461
1.8754587138537695
1.4510394280843357
2.8359655770166734
1.3957641730772843
1.9392039063549664
1.3277492775644926
1.9066819745506223
1.5435249885872864
1.7359929967486147
1.2001616357346456
2.1969947436100745
1.1417228695237687
2.814071056189913
1.694939914759619
2.17039145133424
1.995099463089321
1.1391222116878705
2.785987334518276
1.8858624323978752
1.590994125455695
1.2338627727074596
1.4658448796675223
1.321260836396872
1.9748715947140307
1.4426951351739314
3.003617279968619
1.3324215886938966
1.4589965391548432
1.0309278350515465
1.8167635911090414
3.2653818192583195
1.1911591297160047
1.0986196777047934
1.9770833535785766
1.288150033545574
1.179851170754609
1.2484360564033217
1.414271228988496
1.8708608252694674
1.1673302036481261
1.5431713802659688
1.4235442646839909
2.7360149035653523
1.209342126534128
1.6467874336084516
3.024015900335527
1.3029642403830706
1.4924953425888277
1.2356243428233689
1.4574746444720041
3.0239401220423163
1.4292808761788651
1.8832702659543468
1.526364586552404
1.3977467108386634
1.3562071686548591
1.6739062673479108
1.4163197948064883
1.5700472887048693
1.2934547304757933
1.4285238404236493
2.80552699466507
1.6908355283545924
1.5199085788611333
1.2422246306710054
1.1431837607106037
1.0854981992623287
1.602358117590536
2.393695909877071
1.5356249022656654
1.7505031107285134
1.1240761027002222
2.2229947520215054
1.2222654920419072
1.6230411073786064
1.2477289214799971
1.6799742531689952
1.7677376932350253
1.7957779641861142
2.792013025572463
1.5898214204466734
2.21909065075632
1.3117851481603362
3.0443942947756133
1.9292440042685604
1.518403531943229
1.1632177233460634
1.933768852673764
1.1121690170215977
4.960651098501517
1.2137137073043665
1.146269161795529
1.244922482406633
1.4089038596029362
1.2750730774514345
1.3281033009204406
1.1225443153597452
1.5529317714746742
1.3741464958895366
1.8371987734962276
1.1045058005384765
1.5391527856510512
1.2431905976298763
1.119571601206222
2.607999981109418
1.2051734717476417
1.180893700056332
1.7761874141780891
2.146920404597012
1.423551823469546
1.7119979305000876
1.6603895191334823
1.0996676268594694
1.2572259032293607
1.065801684278224
2.2822423547617845
1.4126894309358848
1.2820138726512966
4.382321470142576
3.2469246954894246
1.1740377784933633
1.4220552495055778
3.1128811522202833
1.1844141597483018
2.8077088379435624
3.5716126872783653
1.3352473118900328
1.1226800217786512
1.7683718670850739
1.8110623460584618
1.1518950978151108
2.595500558821487
2.2469771245406642
2.575486978365185
2.5342706328070452
1.2070895343830144
1.489765067763893
1.656655009775414
1.159352462187106
1.6030893428314874
1.1889593075952145
1.473955188681364
2.7371161637262857
4.254358550320172
3.780845176128107
1.4451540710461168
1.8934885430986308
1.5793318551485216
1.4023308734184345
1.9373732878312622
1.9716844441673635
1.0545091982072128
1.4702278036544785
1.935795754732527
1.47123954811852
1.389694144288672
1.363324040254979
1.8853227846168845
1.7422374219485737
1.4535637744214178
1.5918227975337715
1.1833263012325015
1.7704190440948064
1.5418069608669207
1.2252803775334542
1.3418595127180615
1.3068073227814152
2.201866308333821
1.1904946985665874
2.5021445188471585
13.093974010742913
1.2811302347387308
1.404123233009265
1.6353453850734134
2.275436903667987
3.1783323073619667
1.1651980000680393
1.6389940060037276
1.6512747396371972
1.1168776229236979
1.5140479541536402
1.6054236164727236
1.1444794887899312
2.3397092890172413
2.3239645062875973
1.4587262764536333
2.8485103536992864
1.1064422397017948
1.4900090408326692
1.1529027252127717
1.3320526692120525
1.3333384035267022
2.3798414539680213
1.2434151201159571
1.6951408403055441
1.1668047341972618
6.228075371916406
1.568490188890475
1.3122617125018894
1.4519388648049767
3.064902976417107
1.222947206946015
1.9852490771599438
5.538028498557933
1.265568785957482
1.326249383013468
1.385008115934145
2.8312520312141936
1.2234883072656557
1.1754774116182174
1.9768756270138494
1.214691384946688
1.6046646350938587
3.212785631835643
1.749803767147091
1.6364458701079525
3.372478887898472
1.39069980573993
1.6371858774662138
2.9928985549616733
2.4615328156381167
1.2716580629623535
1.3377749063148714
1.5247123181942612
1.231768120910189
1.216033147938475
1.2563674405948868
1.1134255983587453
1.4702784040677341
1.1721628400147233
2.2862395991261915
1.307485803027535
1.2655882541325079
1.3218522307155212
1.36185088285511
1.3375143307821515
1.2857415885464838
1.6106736546173304
1.748123138384345
1.6254585178222527
1.200808341336893
1.4843319644440904
1.2605135234563891
1.6146382443100022
1.5483322683282918
1.8363070776869133
1.844204079337951
1.779525406597067
1.2614229638036005
1.3674663975676904
1.1572440889124138
1.1671053560452438
1.6358675092716426
1.6404020340365406
1.3302463700035754
1.0867205432572529
1.1030676150012328
2.481754108182891
1.4293847779480098
1.579314413476638
2.4549768063541983
1.556907490622285
1.3832090066711071
1.8300566303520762
1.1717796575045023
1.5957016706180776
1.6174061214689845
1.5945388106475797
1.1866344794814487
1.292821010888146
1.4709484837939606
1.7487534323676526
1.192919212829455
1.6425343964806476
3.867288723769288
2.970151300758518
2.113623071117676
1.3263476373953824
1.110992352491561
1.4030379402301614
1.7332873959961237
1.8090785680619685
1.2369785118948418
4.173487059689407
2.224081103176736
1.1947926568563594
18.351981393319697
1.3762672563385148
1.2635202925196516
2.656300716160156
1.810918590869043
1.1032140859387896
1.628468441699568
2.1421727447283896
1.3668456442010521
1.304016830235126
1.2777286366428526
1.0798979607118167
2.0775337863932832
1.301724117850723
3.9311345009246166
2.46183657848984
1.9266499156840051
1.8196111931207637
1.217554059053674
3.088949051571833
2.315874210883276
1.5865891024853243
1.2125884230321595
3.13596286722086
1.087168962609068
1.8139571762634736
1.3033439121087862
3.6453907738143436
1.2119871905774293
1.29894488889621
1.2698643777126497
1.4978874708431353
2.2371962822701144
2.9666709364490536
1.6225841132168333
2.8260330417348136
2.4788256946224645
3.0270673278596454
2.15740441111705
3.5222055516018873
2.7949528857101686
1.647400404866573
2.187441750023259
2.164752427441751
1.940742078383536
1.3782379127864144
1.4267322567177805
1.6266043150723237
1.4325763699834275
1.9889182290691774
1.6881141108772553
1.2607955124663508
1.470853029729285
1.0309278350515465
3.024255185675651
1.1796962732899998
1.3854563785989094
2.091398569966244
3.258793263627156
2.00053813785335
1.2704911295206005
4.08410064629432
1.6926517480165184
3.01828550711871
1.2241011354384157
4.17524331198727
3.2653948529487886
4.712913418984902
1.5649043586907037
1.8813284341638943
1.8701401208648232
1.77892200898209
1.2204880908403684
1.3933571925938855
2.447896881382858
1.4465261624539147
1.4881072579418662
2.012151226163708
3.0688472171047367
1.4218075105628698
1.9923148922867695
1.372351966715444
1.902496311934412
1.9708415861531798
2.5598140650231453
1.307817023635962
1.4304539479964922
1.4628125219169734
1.216330729658121
1.2479764183477071
1.842149863927994
1.7956556727794366
1.5161730086125311
1.5638814803395782
1.656506783429063
1.8752874113938227
1.5271375845438249
1.4616711099464428
4.951242901591209
1.4634036541867226
2.6904423958023203
1.8125358897640964
1.7582491343731836
1.4325298650243492
3.9446101812277816
3.6953768852829083
1.3465048607863304
1.229366558918556
2.1230600927711936
1.457485679928926
1.2559115468171351
1.6223469306273337
1.962443099162073
2.010222829289961
1.6924686748238897
1.1868180723605544
1.6745413946808696
1.4205500913155888
1.1996657764702199
1.9346572479868973
1.2705735876599948
1.1058648841187098
3.1816738792834
2.2971591122837296
1.245952849154348
1.1819536753590962
2.520004114540024
1.3305055122478224
1.4429895232382126
1.2845018119020162
2.507086077745134
2.144876667130964
1.4405930022304632
1.3098257889789584
1.417007839162914
2.346202716659221
1.218811380912273
1.2384588891463717
1.6183633125362467
1.5058927943353744
1.259608622410738
1.4433654924185566
1.8051225215293811
2.877004320867166
32.13578676770752
6.155870742799398
11.276716335084377
18.5340678466243
17.662284691977163
10.037807378245375
19.40021951868123
14.832428753233854
22.186262222006437
11.039974529896169
29.582813670862226
5.813792857068038
5.794289829396149
10.734889983725942
5.295982263583783
20.74298023853812
10.11552589822892
21.86119697174009
8.088012740047112
11.006454770503568
21.692419582327148
9.573483101287067
14.150583186951915
11.934579487662486
31.098202480102813
11.814340606443166
12.924002389677762
13.668604727579254
17.93743527289074
22.808562434561118
25.61628099146382
37.25628857704193
7.623808075805702
19.796344184944992
6.684367012380227
3.1320572486299882
10.041707416330452
4.766865290191835
27.24680117949557
16.106628448047186
4.066190776063173
43.999547959988725
39.8583064500064
23.93849994800258
12.451194673985437
15.126239323328315
10.97721491857453
7.398748572070041
8.643073774457708
15.406269636107085
13.31483765447289
20.70690940774258
12.793487143602555
9.259991499022194
12.509878472219576
14.171146306042221
10.931590659006273
70.04377332537054
30.16421172388173
14.777856773729647
6.396001310203206
20.400921721177106
11.03311220556427
6.499962694993773
4.252720296617197
9.533805250722416
8.749048492047955
6.970578646048652
24.51509663532741
6.332247887953578
10.058047764598221
7.783954648490021
16.111477670740666
12.217879066754813
11.226405247077086
5.978328343849305
16.542385267069125
7.916528610620701
18.822303313720926
26.37949521571877
8.102320436828075
17.249450065307393
6.684367012380227
13.697553124294053
7.558402936005033
33.91401504671776
49.85227100423454
13.31483765447289
20.020402302588156
12.460809107306053
5.893517707183747
13.565205069093407
20.45237261697986
11.271615540968257
5.849195389123459
11.899410438758705
7.241237338474011
5.2513801729754235
19.33919827459188
17.140126912222907
26.93743674140591
20.50996937759592
6.552582907831759
11.498701595680933
8.42177470412075
32.48876404295257
22.662487331741126
39.52587429551433
158.8395416764983
57.240904624681185
12.805787481327727
5.0819726761358845
23.616462281937228
14.588951566115204
23.984962656392742
7.382554546006233
21.709916662694464
11.406932314782162
20.412120445422193
8.8698252517297
15.062863987169237
21.753605451729566
11.932920853777475
18.14416357419075
17.53307560857839
24.683349648306933
7.938579503571208
25.25882755749323
23.3631109807799
6.294132231274239
16.61777517801227
12.175170000801062
13.23200983711019
21.31232494856111
24.385996042357732
19.038869217675803
109.02506588737232
8.463374674398109
9.26013782356023
11.646165578662321
8.337493013407213
12.205598734627896
14.765634690373428
21.583898942408684
7.458604258106382
11.762993596595106
20.159212596723428
7.357850436317522
7.486848348098337
13.821733982335736
24.974686570060395
6.5068072765277325
7.699145272828879
7.657189453731109
5.0819726761358845
12.264338309927135
9.034759272371815
9.154314195053896
28.23136163779464
7.041871845495981
15.126239323328315
3.9369310315507366
28.01166211190521
8.628472753097173
8.065919192318429
29.14760770958667
19.16690690601465
11.941669906275763
7.918530801400052
20.46029211143437
12.452757598083725
7.9365083895968125
41.785072942119804
21.999463053515917
11.937749009613352
11.868358165110333
26.78815837110672
6.7440045591715645
10.041707416330452
27.52614528726208
11.866477570221189
22.282803293709154
30.30542367337614
18.91025736012915
26.58730494125846
18.732661428262
15.735600244077435
6.320356634525726
10.041707416330452
9.849798516047425
9.611335890062639
7.143659478269378
5.444795292116802
8.133316673990945
39.33037374880974
7.573984065281393
8.449928877780389
19.458348116919584
28.66983006385003
17.04206752513685
9.860120434788449
16.455848240362627
6.814864567819793
19.113007512260896
11.259612075961552
7.486848348098337
13.882026729426814
22.203903154332504
13.23200983711019
10.794047164002343
7.221412659103563
4.064004064006096
3.6647596887325284
25.30916965862584
3.411196280370965
10.855431519213507
40.64160211423225
7.915060208104837
31.87685342323457
19.3324313979985
27.19655886672842
6.615939691635699
7.6300476398001305
11.772112785418118
46.72196619949101
7.056559328757837
31.06638945462225
7.084919084320762
15.152751952229353
16.931014389043234
16.737444919170066
8.306212683648576
5.473972099519535
6.941910770342975
5.182752854643745
9.81607523699061
19.595892827003528
19.93507161515193
19.850344117790847
14.205539582318899
18.963513591434257
10.190257503003266
33.092993205077114
7.201921023616788
22.312138528722777
15.068537548875806
3.985661099220148
14.490971882441157
54.331130462157766
25.576191991806674
13.565205069093407
14.784882562995898
13.183611826303514
44.74369287364855
23.333981059690494
4.544672969389372
10.915118506088222
24.604716305507093
14.366648575570306
7.414033850285031
16.50573613968894
