perplexity
2.309196379661266
2.53003493320625
1.7866486875447907
1.549588738045276
4.2446178245518595
10.412731838235072
26.207739843610646
8.805139330385673
7.467680895478437
3.164035482559685
27.36130803637691
4.201536399889148
17.897858344878408
19.596993286369585
5.180748838997421
10.095706291947822
3.4299960067242803
22.551567957515534
22.814822880491597
4.032914708974008
2.5956633093781485
4.208431497252743
2.0405886337494494
5.118591880443891
2.7612621832060245
10.997245223947674
13.64660654992393
17.00762812281149
2.2442190995948015
7.880122365954868
2.601236120430828
10.355834987343798
27.824161912539747
12.266257067709606
42.310303283578456
3.6251405896009743
4.269613033918554
1.6719611960298257
3.014380006502315
5.496299165982625
13.313061580760753
2.012865720708479
21.487590286983398
24.013877097130713
6.601911189605323
14.863114819314044
22.095218488746962
7.617846850115081
14.779741386035495
1.9412284092993264
12.750102963121229
9.497946070644907
3.282311523691457
1.5790630076502896
6.231238333111722
7.652318431380831
13.953322906998869
4.792572378170204
10.468514313755573
2.0418327378205117
4.938931956735352
12.272525136966738
1.3619247942483437
3.5776813359944146
3.833723193596938
1.567633350013625
24.958523777926718
3.9526227204321924
28.382230061528706
9.889130180293165
3.1168890496101813
2.566418651116736
9.133844420500107
1.963792387681403
1.2889506042032857
7.002543330292167
4.916246958846799
2.6116409989601315
3.3023218137179695
1.3275401928697397
3.0840021286457975
6.057858307080459
4.39437900182415
1.580077458515944
13.97654237543159
3.3709277950246306
5.290080641799485
10.392304845413266
3.534150433027039
21.162516659192768
3.4501490885247197
22.058406105595726
3.328894873595802
5.164290888877699
2.7467727900360464
3.8484615995405975
3.0000000000000004
3.6802971672544005
24.500600623715368
14.811473320560909
2.6959850507242935
3.234536566544832
2.691469964175892
1.9532980380630325
4.996584689873888
2.4585318423285614
26.002561193118378
5.754364274692656
12.16371892345267
1.2414400931879674
8.641922319811288
2.1577943397576154
3.3033542424849154
2.7264780365250507
9.287556202319964
6.441603284397699
23.338911272849078
5.359193999910863
13.851252153807469
3.1227058136550934
2.131399448702576
1.258361112887024
18.08805426489756
1.8248747522238717
1.0993832629959441
8.017762718412344
2.1120055010809136
1.401052350307839
3.4542663229572583
10.27771784359006
9.95001776255454
3.829123960723777
5.208979557003675
3.3366267454342773
6.711924338500071
1.3043627310746093
11.265621517480955
7.552848563820135
27.342434925473682
2.914338600173902
5.1599068091306854
1.7386428615980032
4.999999999999999
10.917503909334046
3.295220825986322
1.620963400722648
1.4555282516656192
4.907097104200176
19.88221764627791
5.039639663721405
2.3216924065927063
15.656165899702408
1.1986300447197766
2.5178567955035254
7.987013160400092
16.612520710403086
8.087425706371482
2.717456269578541
5.281574203622472
5.6599114301411335
6.50082590538639
4.666666666666667
1.8638792755881417
8.762293317743335
14.612278336838347
1.7701144053490554
4.111086219835293
2.056461464074584
2.8695383801553107
10.6855361823428
4.304142310105584
5.142206099580357
1.4448070824502581
3.5239881897265497
6.006987348429006
1.1902716225624403
3.3014930484735427
3.6192506928501986
14.525178137429116
1.7418138232525398
1.575064324971154
2.117527459009833
1.3016031994842054
3.5295653501727764
7.093800812736932
1.690104237017094
13.155996364056016
2.1856312612903532
1.8254118002766562
28.552955032988905
1.3820935529922354
16.31686959892362
12.48050293831143
6.562192592042462
3.938175715615249
27.46066440245522
8.690003456082646
11.512833191064052
2.9009479313977433
2.8205426361310564
3.397516244304836
2.533520800518112
4.882894000812981
9.950846909594146
3.554234919753856
45.031210147062275
1.723827816107833
23.13134691995799
3.8526480788135293
9.295546235256106
4.415293405069964
39.40550205260029
9.396861335856
5.666666666666668
19.143749832472427
4.432934183101874
6.611724322014671
1.537903993280068
1.7706513388691623
6.889120372273928
22.352213840311382
8.08812461863011
26.648397776267657
2.3539197754324745
6.03783039273602
3.291451205077078
4.304142310105584
11.564804525761554
3.9143869290148854
5.333333333333334
2.7532763952010133
5.524974568148624
9.899656728370449
3.7974711162281434
7.763906774877649
2.1414268274831656
16.454072051995944
3.4062515368644966
5.945150363823079
3.268676310448304
5.77670137792476
6.491350970993147
2.006764354479301
8.254818122236566
13.331749827487128
11.180592618930852
5.645547586033882
2.007282522739869
1.9895811205692175
7.883079163618349
13.92452608212353
4.78202968406015
7.440814702394287
21.976524461457387
1.8974689709649122
4.688107692798554
7.680151490533255
1.6780979360031578
3.146202087345344
11.437931370333523
10.584473263211391
36.936496257869095
10.392304845413266
3.4441281847103884
2.575818245081835
49.54537867888404
3.702334972548303
1.929262735414827
1.9925715542303268
9.797958971132712
19.0782562759313
58.42373946721771
5.491498513234628
18.113872454499987
4.13160763409131
1.464513744318177
3.118564357413911
22.84385191782346
1.380169416369164
7.835883743501379
1.9574826950599704
10.938545036728112
2.0945004781037486
20.25418603385685
20.069267341703643
2.039185617738414
1.7488647881944757
6.68577742909637
5.880550196151569
5.393383418904206
6.9965814468616
4.721023322505617
6.666666666666666
43.23840495382511
5.723959467056328
23.90082531497155
2.2439009863817683
2.3092021025176166
6.469548419886978
6.875975232365591
14.644927085619798
2.677563019582362
3.141235996641318
34.010357182528416
73.30423935019822
11.611622492089579
15.758655867245638
22.123734674565707
2.3986826680057876
3.228263491034778
4.8609218094171425
7.827086476405155
7.769383662423858
18.77447083805001
40.46273093251052
15.898469868766474
3.670351999918296
2.0537200994974625
1.3024332856402547
2.1163273142145216
9.814954576223641
1.2422889175000196
1.5086787220092779
4.74152516090772
4.431293675255979
3.022398308280261
12.114226462304519
11.166863157634479
1.9330787417685023
13.60108067088391
5.087298141467903
21.447212234502537
1.3772659794601532
16.677104395812076
8.813625299548914
1.4373489389880854
3.4972189703840524
7.963102679161792
20.45740406119342
11.689599135403125
17.53487309417954
14.39142593087045
5.822698529144828
6.928203230275509
8.242744885950124
2.1909080331374433
19.16655983130407
19.755727826941406
1.7713317423839838
1.5467811695238605
2.603979317946024
7.000000000000003
8.803443207723744
3.463788662454077
10.49979387738994
1.5333095747463745
3.4433664763997314
3.0029537626089167
15.706933665457901
6.161680714036842
2.144385940570601
2.3253871925151075
6.872548186360204
5.1876492189706065
17.339478728635974
14.88804809379911
2.6875999085049846
2.319307470919392
6.531519148429253
1.953791153983627
6.981058335357884
17.274001300369335
29.01721498376735
4.674033363349403
4.729765016111223
1.6155537686993968
10.40041911525952
7.341251688487411
7.502109874688015
8.464875632385757
7.513949246341399
2.3561065657176017
7.680293851602997
2.281080271045062
1.6395477172989625
7.161248544397319
1.308673938379672
3.916100634220924
3.6802856218216573
6.307379962103733
5.154490858341407
10.839274478029669
2.55337972942276
6.039292133335106
14.449348111684163
4.025060690986969
5.877676437479184
1.3854026459056643
2.5835873326893855
4.051950028620625
23.90082531497155
1.5553617693534156
9.719137334969421
7.000000000000003
3.3130314227466195
7.740641333921475
4.514071638704269
1.8206425434683844
3.0344001004205525
3.739597279013224
30.074481789986752
5.02493198911092
9.010541290463388
9.409671913355242
3.7171438196932485
3.779628083249611
1.2138879064397807
4.1600141097285155
4.590078938686913
2.1928771577170676
2.170621235824133
3.3884344463801113
2.7598631048435345
5.858320503733061
44.36070401387532
23.053857687368772
4.666666666666667
1.3484400575040436
1.5132433913672394
7.2917671382232765
32.47081421985718
2.001106766183543
3.930963943472173
6.453693393578768
5.198729357776785
4.255915020352537
1.689962854172143
22.013510380142602
6.7773120544516905
4.595772709064705
4.219112091542737
10.819884543771538
6.380263621209838
13.407606004502282
3.1827885141866483
1.5951276154122285
10.274855342710344
6.751185570448495
4.94524973518597
12.588145715375209
4.288332760888735
22.48059384555413
1.5652906512223368
5.327062608649296
10.539094047234077
1.5208956419968114
3.739392427527591
4.967965710152097
9.057950780701026
2.546034195114823
4.052119787592669
3.7819737997697755
22.053045407268467
3.927108865198414
5.685072643929481
6.999849944285637
15.015846057217848
7.064746126999567
1.8695832817343772
6.858381301840511
45.12695506465746
20.33464009584819
4.922316693802632
12.836436722092119
96.05383087267359
6.678293261026114
9.056794859911983
2.9668265598624197
3.0077618958922314
1.8959113256494418
2.3476092787386253
6.386742796453216
18.10995871088664
3.6717460131449915
14.577005950847898
1.6324747653111282
6.366743197205024
23.349619663333808
8.654290913862518
2.350473793367626
4.918094218044782
24.051098162211304
1.9039672686128766
1.2400692394849089
16.015355164348975
1.4627847832352876
3.4702402205407847
3.1588546164901623
6.235219241994651
7.076406767156535
3.3163823015083116
6.255328875117559
2.849808703884493
3.661048590708901
6.3813839694467145
6.074885013074234
2.8263437629487465
11.49851109161866
16.983568319215205
3.7926198192500724
2.0304073954231985
9.727173801317763
6.531519148429253
2.8591125909519683
2.543231734570208
15.956549398683453
16.88598220859696
2.6565329538212192
21.01078757762041
19.522234425333625
8.641922319811288
1.4604097189685217
12.494125321036048
1.3803788996978712
2.8120116541305906
10.22841472571425
10.084293907913928
3.8525816623524114
3.0545456714825896
3.5796988544804567
16.89747302729291
1.2747903286232152
26.03319760807094
1.856915680936004
5.8833172122000335
1.4856599757520954
3.3705594657747984
32.12271338874182
6.367315416245883
5.554449254624409
9.187931638283668
16.724708047235048
4.008799177464504
2.0502806018030517
15.252089673444393
2.978356723180732
21.337213122821378
3.5398723418229787
2.7294679615320634
10.329996856853205
28.40602117236367
3.3351081649037666
25.569076287173296
18.429034810926545
4.666666666666667
4.56720475752503
4.675245822121846
5.727989424387373
3.4201954797628717
3.35648618527275
4.275167953237201
40.3326427190145
8.465588150315824
3.432122119790496
2.92040760278638
5.545429965975825
33.20659511112221
5.6082511515756925
13.836604654479794
2.6030603252572844
5.031023547749844
7.482244396195634
2.211414244130874
17.576655954574242
1.7015197298470597
2.1268780472556004
3.383215916646689
2.4128369744348563
10.713893383598672
7.597226471103974
2.485782689783577
11.182522423838517
1.4792550321090419
15.89687913107916
7.080846734648959
1.8544028292732055
1.846079194098514
3.559563496948092
3.387202299860892
2.297561025889964
4.675245822121846
9.346679773699652
7.518349722048308
7.0666171487485
2.9906205391802576
47.2130152977661
13.277715256660013
11.055700486418996
11.032059902550499
6.714056501101902
3.02401492725116
6.859392588742772
15.211350441310296
7.858510432400877
1.3964231358454806
1.7879845706210566
3.3765163505419666
1.7707017895508919
2.095284509226919
2.384339057376514
8.666666666666664
4.63725364341803
5.119449238229735
2.5375536065876667
8.790719218020879
3.208231600580456
10.509870714248038
8.062520098381835
13.539979367869453
4.139889122790673
2.0560665294338456
1.7236893445676151
5.519558185716196
14.078122419527377
31.0776035605618
36.72746960039873
8.19190921285679
2.390412846818459
26.83561037834346
16.587965640022055
3.6746932038829563
5.296179836103992
10.032149318145857
1.7795235324969665
17.981104273893692
2.4402081547843846
13.457727852100158
2.42356897733828
2.1835826615026313
6.647520731445764
8.430020720213252
2.1918561140548216
6.306185150090886
9.2412225533615
8.09043478576367
2.043767813151425
1.46222683012924
6.782969844751388
8.48077144487123
1.353467930381579
34.18568788506284
8.426399652022992
5.908565022476283
3.158050444981558
2.5733813464158244
11.356558683700392
7.311078220898811
22.447922416323554
3.264454433505532
3.511468728094818
1.4699807945019858
5.8241783524704305
7.437673061441492
21.219526079028384
3.5346608389396796
2.7292182736584785
2.2422641103886702
19.548209816337213
3.8826518210664296
7.609978600985774
4.596493539870995
2.409467233411929
13.39860062829261
8.215891659546017
24.048671359990802
17.847555892505934
11.29576152432161
1.423445930520085
2.3259168879200893
13.317150994306143
2.3361519991725097
8.334059394966122
10.10938549528542
5.333333333333334
12.58870442903202
15.397837156385021
2.7383020843195536
7.070408782853846
1.7252370555799046
10.704614080474554
6.598320430581995
11.68401997979987
4.848100039935495
5.214439666376776
3.8520551410915638
1.274516064083055
5.288680404354026
4.332714421063283
3.347152178393834
2.277845098107254
19.648994804945524
4.012781131057554
1.3734470513085038
2.581805682333005
14.628958056544977
1.204589849031317
9.783304522838591
8.322381102930862
6.097757045674467
6.3196287742004795
4.957646869027442
11.226690194732052
5.045507638378261
5.648570008617091
5.303023311464325
10.31722297100158
17.22111316088032
2.3470955839518015
2.318949748343855
2.0186305279586123
13.014869282569176
2.8801891608116956
4.515833965235599
2.7758436149567043
5.368770592918921
15.271522665408021
1.576966701093996
24.066201437172662
1.5745112901697422
6.818277950944277
9.641660671713744
5.001260577728699
29.814910570364347
19.414115681817773
17.376682354312923
13.058739271488314
9.545746667634056
36.02055200333374
4.790857806908265
4.64163449886483
4.038194975469958
15.775829536164622
3.807744033074779
13.867225487012696
44.55719783713399
5.079804521767353
9.555566139743481
4.101210787703401
2.712791276565032
18.258831127011824
5.665484850755724
3.9102984130277365
21.924879181365853
23.20773360842294
8.77993082974617
1.8084308177479667
11.25487915757175
2.839977007759981
2.8965564963504664
3.3789132079495596
2.65206234255172
2.7012693004792294
2.6716742140339087
9.0270830680504
12.020575826232042
2.671506045753113
8.62098718644281
7.385778643454818
5.373693142288658
21.043760521717516
9.27899559205389
6.253621090033744
3.2553994463340903
18.156694907769964
2.1639996142600393
11.482425091877081
2.567817888487894
