bleu-1,bleu-2,bleu-3,bleu-4
0.636364, 0.504525, 0.383870, 0.289978
1.000000, 1.000000, 1.000000, 1.000000
0.933333, 0.930949, 0.928318, 0.925391
0.505442, 0.495230, 0.481404, 0.460864
0.761905, 0.617213, 0.543337, 0.480863
0.731602, 0.681165, 0.643314, 0.605925
0.727273, 0.670982, 0.608318, 0.536641
1.000000, 1.000000, 1.000000, 1.000000
0.960000, 0.959166, 0.958284, 0.957348
0.916667, 0.866025, 0.806714, 0.734889
0.961538, 0.940540, 0.918165, 0.894226
1.000000, 1.000000, 1.000000, 1.000000
0.884615, 0.862019, 0.837900, 0.812034
1.000000, 1.000000, 0.984613, 0.976454
1.000000, 1.000000, 1.000000, 1.000000
1.000000, 1.000000, 1.000000, 1.000000
1.000000, 1.000000, 1.000000, 1.000000
0.842105, 0.779864, 0.732814, 0.685924
1.000000, 1.000000, 1.000000, 1.000000
0.915825, 0.870223, 0.820527, 0.765733
1.000000, 1.000000, 1.000000, 1.000000
1.000000, 0.981307, 0.961500, 0.940443
0.812500, 0.771902, 0.726239, 0.696781
0.826087, 0.775107, 0.719144, 0.656681
0.941176, 0.907485, 0.870141, 0.828248
1.000000, 1.000000, 1.000000, 1.000000
0.782609, 0.730477, 0.673067, 0.624865
1.000000, 1.000000, 1.000000, 1.000000
1.000000, 1.000000, 1.000000, 1.000000
0.880000, 0.812404, 0.737873, 0.698017
0.923077, 0.832050, 0.760913, 0.685084
0.571429, 0.478091, 0.391814, 0.340022
0.777778, 0.763763, 0.746901, 0.725980
0.825259, 0.822151, 0.818830, 0.815270
0.800000, 0.739844, 0.672464, 0.615052
1.000000, 1.000000, 1.000000, 1.000000
0.840000, 0.793725, 0.759587, 0.726707
0.937500, 0.901388, 0.861052, 0.815355
1.000000, 1.000000, 1.000000, 1.000000
1.000000, 1.000000, 1.000000, 1.000000
0.764706, 0.725076, 0.680727, 0.630191
0.945959, 0.917715, 0.886677, 0.852246
1.000000, 1.000000, 1.000000, 1.000000
0.839291, 0.836680, 0.819014, 0.796012
0.882353, 0.813489, 0.761268, 0.729763
1.000000, 1.000000, 1.000000, 1.000000
1.000000, 1.000000, 1.000000, 0.984958
0.908092, 0.882767, 0.872775, 0.866400
0.920044, 0.784617, 0.656696, 0.412491
0.725496, 0.683032, 0.662605, 0.646416
1.000000, 1.000000, 1.000000, 1.000000
1.000000, 1.000000, 1.000000, 1.000000
0.428571, 0.405999, 0.345406, 0.294210
1.000000, 1.000000, 1.000000, 1.000000
0.850000, 0.819178, 0.785493, 0.730709
1.000000, 1.000000, 1.000000, 1.000000
0.900000, 0.897365, 0.894530, 0.891470
1.000000, 1.000000, 1.000000, 1.000000
0.961538, 0.940540, 0.903354, 0.859159
0.913101, 0.913101, 0.913101, 0.913101
1.000000, 1.000000, 1.000000, 1.000000
0.925926, 0.905035, 0.882816, 0.870176
1.000000, 1.000000, 1.000000, 1.000000
0.909091, 0.882735, 0.871685, 0.864194
0.532036, 0.478150, 0.413995, 0.331055
0.833333, 0.674200, 0.449644, 0.317023
1.000000, 1.000000, 1.000000, 1.000000
0.593587, 0.544871, 0.487285, 0.375311
0.833333, 0.700140, 0.535065, 0.418372
0.880000, 0.834666, 0.801522, 0.769757
1.000000, 1.000000, 1.000000, 1.000000
1.000000, 1.000000, 1.000000, 1.000000
0.807692, 0.783483, 0.757587, 0.729735
0.962963, 0.942809, 0.921390, 0.909567
0.757957, 0.711027, 0.654997, 0.585034
1.000000, 1.000000, 1.000000, 0.980188
0.874197, 0.827539, 0.793472, 0.760681
0.866667, 0.746420, 0.669433, 0.622333
0.884615, 0.862019, 0.837900, 0.812034
1.000000, 1.000000, 1.000000, 1.000000
1.000000, 1.000000, 1.000000, 1.000000
0.857143, 0.801784, 0.760504, 0.720039
0.913043, 0.864312, 0.792653, 0.723441
0.923077, 0.877058, 0.823982, 0.791067
0.958333, 0.912871, 0.863538, 0.794588
1.000000, 0.968246, 0.933128, 0.913522
0.944444, 0.942809, 0.941036, 0.939104
0.916667, 0.866025, 0.806714, 0.734889
1.000000, 1.000000, 1.000000, 1.000000
0.920000, 0.897218, 0.872852, 0.846666
1.000000, 1.000000, 1.000000, 0.962195
0.869565, 0.819717, 0.765148, 0.720024
0.928571, 0.925820, 0.922759, 0.919323
0.666667, 0.617213, 0.560221, 0.492027
0.869565, 0.843482, 0.815363, 0.784852
1.000000, 0.960769, 0.916260, 0.836451
1.000000, 1.000000, 1.000000, 1.000000
1.000000, 0.955533, 0.923863, 0.893847
1.000000, 1.000000, 1.000000, 1.000000
0.888889, 0.847319, 0.802556, 0.753922
1.000000, 0.974679, 0.947268, 0.917401
0.880000, 0.834666, 0.785487, 0.731534
0.916667, 0.870199, 0.836414, 0.804051
1.000000, 1.000000, 1.000000, 1.000000
0.952381, 0.899735, 0.841785, 0.777018
1.000000, 0.970143, 0.937331, 0.900933
0.888248, 0.867275, 0.815750, 0.737133
1.000000, 1.000000, 1.000000, 1.000000
1.000000, 1.000000, 1.000000, 1.000000
0.913101, 0.913101, 0.913101, 0.913101
0.555556, 0.527046, 0.429744, 0.339133
0.955563, 0.932534, 0.907703, 0.880774
0.763273, 0.691389, 0.607795, 0.504733
1.000000, 1.000000, 1.000000, 1.000000
0.866667, 0.846901, 0.838324, 0.832384
1.000000, 1.000000, 1.000000, 1.000000
0.769231, 0.669864, 0.546446, 0.425028
0.857143, 0.816497, 0.772804, 0.725420
1.000000, 1.000000, 1.000000, 1.000000
1.000000, 1.000000, 1.000000, 1.000000
0.908092, 0.906957, 0.905740, 0.890829
0.950000, 0.921954, 0.891414, 0.857893
1.000000, 1.000000, 1.000000, 1.000000
1.000000, 1.000000, 1.000000, 1.000000
1.000000, 1.000000, 1.000000, 1.000000
0.909091, 0.904534, 0.899289, 0.859389
1.000000, 1.000000, 1.000000, 1.000000
1.000000, 0.973329, 0.944326, 0.912560
1.000000, 1.000000, 0.984613, 0.964013
0.923077, 0.877058, 0.823982, 0.761161
1.000000, 1.000000, 1.000000, 1.000000
0.800000, 0.755929, 0.705834, 0.672986
0.959189, 0.894449, 0.840131, 0.784718
0.951229, 0.951229, 0.951229, 0.951229
0.923077, 0.877058, 0.856976, 0.842363
1.000000, 1.000000, 1.000000, 1.000000
0.857404, 0.857404, 0.857404, 0.857404
0.615385, 0.543493, 0.497423, 0.454867
0.952381, 0.951190, 0.949914, 0.948544
0.923077, 0.877058, 0.823982, 0.761161
1.000000, 1.000000, 0.984613, 0.976454
0.952381, 0.925820, 0.897029, 0.880663
1.000000, 1.000000, 1.000000, 1.000000
0.896552, 0.858169, 0.830488, 0.804350
0.925961, 0.925961, 0.925961, 0.925961
0.950000, 0.948683, 0.947268, 0.945742
0.928571, 0.886405, 0.838382, 0.809107
1.000000, 1.000000, 1.000000, 1.000000
0.772185, 0.706916, 0.656933, 0.605840
0.950000, 0.921954, 0.891414, 0.857893
1.000000, 1.000000, 0.981128, 0.939104
1.000000, 1.000000, 1.000000, 1.000000
1.000000, 1.000000, 1.000000, 1.000000
1.000000, 1.000000, 1.000000, 1.000000
0.956522, 0.932505, 0.906675, 0.878742
0.811212, 0.810445, 0.809631, 0.808765
1.000000, 1.000000, 1.000000, 1.000000
1.000000, 0.953463, 0.899289, 0.867238
1.000000, 1.000000, 1.000000, 1.000000
1.000000, 1.000000, 0.981128, 0.955443
1.000000, 1.000000, 1.000000, 1.000000
0.950000, 0.921954, 0.891414, 0.840896
1.000000, 1.000000, 1.000000, 1.000000
0.909091, 0.882735, 0.854247, 0.823249
0.700000, 0.623610, 0.579338, 0.537285
0.900000, 0.836660, 0.759147, 0.658037
0.851852, 0.809488, 0.778486, 0.760322
1.000000, 1.000000, 1.000000, 1.000000
0.705578, 0.678372, 0.648817, 0.616427
1.000000, 1.000000, 1.000000, 1.000000
0.863636, 0.785419, 0.717989, 0.664355
0.821986, 0.785969, 0.745613, 0.676687
0.956522, 0.932505, 0.906675, 0.878742
1.000000, 1.000000, 1.000000, 1.000000
1.000000, 0.974679, 0.947268, 0.901714
1.000000, 1.000000, 1.000000, 1.000000
0.665045, 0.577421, 0.505729, 0.457456
1.000000, 1.000000, 1.000000, 1.000000
1.000000, 1.000000, 1.000000, 1.000000
1.000000, 1.000000, 0.977265, 0.945742
1.000000, 1.000000, 1.000000, 1.000000
1.000000, 1.000000, 1.000000, 1.000000
1.000000, 1.000000, 1.000000, 1.000000
1.000000, 1.000000, 1.000000, 1.000000
0.928571, 0.925820, 0.893904, 0.874340
1.000000, 1.000000, 1.000000, 1.000000
0.846154, 0.839719, 0.832478, 0.824237
1.000000, 1.000000, 1.000000, 1.000000
0.798054, 0.756021, 0.736268, 0.697346
1.000000, 0.963624, 0.949914, 0.941491
1.000000, 1.000000, 1.000000, 1.000000
0.731602, 0.728196, 0.708059, 0.695248
0.950000, 0.948683, 0.947268, 0.945742
1.000000, 1.000000, 1.000000, 1.000000
1.000000, 0.981981, 0.962928, 0.942723
1.000000, 0.932505, 0.875876, 0.818105
0.954545, 0.953463, 0.952307, 0.951070
0.950000, 0.948683, 0.947268, 0.945742
0.952381, 0.925820, 0.897029, 0.865603
1.000000, 1.000000, 1.000000, 1.000000
1.000000, 1.000000, 1.000000, 1.000000
1.000000, 1.000000, 1.000000, 1.000000
0.818182, 0.756787, 0.682692, 0.631555
0.931034, 0.893325, 0.853018, 0.809643
1.000000, 1.000000, 1.000000, 1.000000
0.892260, 0.813264, 0.756767, 0.675994
0.817283, 0.764498, 0.743274, 0.729221
1.000000, 1.000000, 1.000000, 1.000000
1.000000, 1.000000, 1.000000, 1.000000
0.758484, 0.688583, 0.634431, 0.578168
1.000000, 1.000000, 1.000000, 1.000000
0.736842, 0.671038, 0.620054, 0.568285
0.842105, 0.749269, 0.691208, 0.656504
1.000000, 1.000000, 1.000000, 1.000000
1.000000, 1.000000, 1.000000, 1.000000
0.894737, 0.834210, 0.766475, 0.709421
0.965517, 0.928477, 0.888929, 0.846438
1.000000, 1.000000, 1.000000, 1.000000
0.542902, 0.508475, 0.470228, 0.443646
0.875000, 0.850192, 0.823544, 0.794755
0.894737, 0.834210, 0.766475, 0.709421
0.538462, 0.473665, 0.433714, 0.395533
1.000000, 1.000000, 1.000000, 1.000000
0.916667, 0.866025, 0.843433, 0.826517
0.821429, 0.818115, 0.814626, 0.810945
0.961538, 0.940540, 0.918165, 0.894226
0.941176, 0.907485, 0.870141, 0.828248
1.000000, 1.000000, 1.000000, 1.000000
1.000000, 1.000000, 0.984613, 0.964013
1.000000, 0.929320, 0.887538, 0.850953
0.727273, 0.660578, 0.623532, 0.590047
0.583333, 0.460566, 0.348769, 0.184999
1.000000, 1.000000, 1.000000, 1.000000
1.000000, 0.979796, 0.958284, 0.935290
0.923077, 0.877058, 0.856976, 0.842363
0.928571, 0.925820, 0.922759, 0.919323
0.760000, 0.754983, 0.749662, 0.744001
0.941176, 0.939336, 0.937331, 0.935133
1.000000, 1.000000, 1.000000, 1.000000
1.000000, 1.000000, 1.000000, 1.000000
0.937500, 0.901388, 0.861052, 0.815355
1.000000, 1.000000, 1.000000, 1.000000
1.000000, 1.000000, 1.000000, 1.000000
1.000000, 1.000000, 1.000000, 1.000000
0.882353, 0.846706, 0.807091, 0.762466
0.832865, 0.789229, 0.741450, 0.702349
1.000000, 1.000000, 1.000000, 1.000000
1.000000, 1.000000, 1.000000, 1.000000
1.000000, 1.000000, 1.000000, 1.000000
0.791667, 0.742108, 0.687836, 0.627421
0.958333, 0.957427, 0.956466, 0.955443
0.935507, 0.935507, 0.935507, 0.915377
0.788300, 0.755143, 0.718458, 0.695418
0.900000, 0.897365, 0.894530, 0.891470
0.898796, 0.842968, 0.780727, 0.728836
1.000000, 1.000000, 1.000000, 1.000000
0.608696, 0.599736, 0.590148, 0.579844
0.712278, 0.574257, 0.436695, 0.296334
1.000000, 1.000000, 1.000000, 1.000000
1.000000, 1.000000, 1.000000, 1.000000
1.000000, 1.000000, 0.953420, 0.863956
0.732126, 0.668933, 0.596426, 0.533212
0.795413, 0.789174, 0.781714, 0.772551
1.000000, 1.000000, 1.000000, 1.000000
0.846154, 0.796628, 0.739160, 0.670342
0.933333, 0.896994, 0.871063, 0.846742
1.000000, 1.000000, 1.000000, 1.000000
1.000000, 1.000000, 1.000000, 1.000000
0.952381, 0.925820, 0.897029, 0.865603
1.000000, 1.000000, 1.000000, 1.000000
0.880000, 0.877496, 0.874845, 0.872029
0.766704, 0.716254, 0.656696, 0.583351
0.944444, 0.912871, 0.878107, 0.839433
0.826087, 0.822125, 0.817903, 0.813390
1.000000, 1.000000, 1.000000, 1.000000
1.000000, 1.000000, 1.000000, 1.000000
1.000000, 1.000000, 1.000000, 1.000000
0.922358, 0.901300, 0.878800, 0.854647
1.000000, 1.000000, 1.000000, 1.000000
0.714286, 0.654654, 0.608728, 0.562693
1.000000, 1.000000, 1.000000, 1.000000
0.900000, 0.870572, 0.838471, 0.803155
1.000000, 1.000000, 1.000000, 1.000000
0.882353, 0.813489, 0.706698, 0.563519
0.920000, 0.897218, 0.872852, 0.846666
1.000000, 1.000000, 1.000000, 1.000000
1.000000, 1.000000, 1.000000, 1.000000
0.833333, 0.674200, 0.449644, 0.223830
1.000000, 1.000000, 1.000000, 1.000000
1.000000, 1.000000, 1.000000, 1.000000
0.866667, 0.703732, 0.611421, 0.488923
0.900000, 0.894427, 0.887904, 0.880112
1.000000, 1.000000, 1.000000, 1.000000
0.916667, 0.892805, 0.867204, 0.839588
0.647059, 0.532060, 0.455268, 0.405213
1.000000, 1.000000, 1.000000, 1.000000
1.000000, 1.000000, 1.000000, 1.000000
0.800000, 0.666667, 0.550321, 0.467138
1.000000, 1.000000, 1.000000, 1.000000
0.958333, 0.978945, 0.970743, 0.953810
0.842105, 0.837708, 0.832955, 0.827793
0.882497, 0.852573, 0.819238, 0.781628
0.964286, 0.944911, 0.924369, 0.902514
0.703704, 0.678317, 0.651137, 0.621852
0.962963, 0.962250, 0.961500, 0.960707
0.960789, 0.940560, 0.918962, 0.895804
0.863636, 0.836142, 0.806382, 0.773932
0.836715, 0.806763, 0.773564, 0.736320
1.000000, 1.000000, 1.000000, 1.000000
1.000000, 1.000000, 1.000000, 1.000000
1.000000, 1.000000, 1.000000, 0.955443
1.000000, 1.000000, 1.000000, 1.000000
1.000000, 1.000000, 1.000000, 1.000000
1.000000, 1.000000, 1.000000, 1.000000
1.000000, 1.000000, 1.000000, 1.000000
0.894737, 0.891808, 0.888645, 0.885214
1.000000, 1.000000, 1.000000, 1.000000
0.916667, 0.866025, 0.766309, 0.668740
1.000000, 1.000000, 1.000000, 1.000000
1.000000, 1.000000, 1.000000, 1.000000
1.000000, 1.000000, 1.000000, 1.000000
0.951229, 0.951229, 0.951229, 0.951229
0.933333, 0.894427, 0.878038, 0.866642
1.000000, 1.000000, 1.000000, 1.000000
0.900000, 0.870572, 0.838471, 0.819388
0.931063, 0.894536, 0.853096, 0.805225
0.799325, 0.774615, 0.748040, 0.719278
1.000000, 1.000000, 1.000000, 1.000000
0.944444, 0.912871, 0.878107, 0.839433
0.948729, 0.948729, 0.948729, 0.948729
0.941176, 0.939336, 0.914460, 0.880420
0.957453, 0.957453, 0.942008, 0.921257
0.882353, 0.878669, 0.874650, 0.870240
1.000000, 0.970143, 0.937331, 0.900933
0.928571, 0.886405, 0.838382, 0.782542
1.000000, 1.000000, 1.000000, 1.000000
0.920000, 0.897218, 0.872852, 0.846666
1.000000, 1.000000, 1.000000, 1.000000
1.000000, 1.000000, 1.000000, 1.000000
0.807692, 0.762587, 0.713651, 0.673238
0.950000, 0.921954, 0.891414, 0.857893
1.000000, 1.000000, 1.000000, 1.000000
1.000000, 1.000000, 1.000000, 1.000000
1.000000, 1.000000, 1.000000, 1.000000
0.799325, 0.774615, 0.748040, 0.719278
1.000000, 1.000000, 1.000000, 1.000000
0.869565, 0.843482, 0.815363, 0.784852
0.958333, 0.935414, 0.926556, 0.921059
0.846154, 0.796628, 0.702139, 0.610003
1.000000, 1.000000, 1.000000, 1.000000
0.960789, 0.940560, 0.918962, 0.883777
1.000000, 1.000000, 1.000000, 1.000000
0.962963, 0.942809, 0.921390, 0.898540
0.950000, 0.921954, 0.891414, 0.857893
0.953497, 0.929354, 0.885148, 0.831303
1.000000, 1.000000, 1.000000, 1.000000
1.000000, 1.000000, 1.000000, 1.000000
1.000000, 1.000000, 1.000000, 1.000000
0.671781, 0.596290, 0.504379, 0.377807
1.000000, 0.975900, 0.967189, 0.962195
1.000000, 0.974679, 0.928318, 0.888150
0.709567, 0.611117, 0.520634, 0.412259
0.944444, 0.912871, 0.878107, 0.839433
0.875000, 0.804201, 0.761142, 0.722820
1.000000, 1.000000, 1.000000, 1.000000
1.000000, 1.000000, 1.000000, 1.000000
0.962963, 0.962250, 0.961500, 0.960707
0.750000, 0.741620, 0.732394, 0.722160
1.000000, 0.935414, 0.854988, 0.747674
1.000000, 1.000000, 1.000000, 1.000000
0.952381, 0.816497, 0.728086, 0.662795
0.925258, 0.885158, 0.841964, 0.795046
1.000000, 1.000000, 1.000000, 1.000000
0.285714, 0.096261, 0.056495, 0.038482
0.920000, 0.918332, 0.916566, 0.914691
1.000000, 1.000000, 1.000000, 1.000000
0.821986, 0.818063, 0.790493, 0.752857
0.937500, 0.901388, 0.861052, 0.815355
1.000000, 1.000000, 1.000000, 1.000000
0.800000, 0.730297, 0.643660, 0.581431
0.915825, 0.914878, 0.913871, 0.912797
0.960789, 0.960789, 0.960789, 0.949680
1.000000, 1.000000, 0.975600, 0.941491
1.000000, 1.000000, 1.000000, 1.000000
1.000000, 1.000000, 1.000000, 1.000000
0.875000, 0.870823, 0.866239, 0.861174
1.000000, 1.000000, 1.000000, 1.000000
0.928571, 0.925820, 0.893904, 0.848970
0.869565, 0.819717, 0.765148, 0.704531
0.606366, 0.550759, 0.482606, 0.391236
0.857143, 0.801784, 0.719313, 0.616801
1.000000, 1.000000, 1.000000, 1.000000
0.944444, 0.912871, 0.900069, 0.891599
0.653846, 0.646886, 0.639507, 0.631661
1.000000, 1.000000, 1.000000, 1.000000
1.000000, 1.000000, 0.979995, 0.935133
0.866667, 0.746420, 0.598408, 0.516973
1.000000, 1.000000, 1.000000, 1.000000
0.952381, 0.925820, 0.897029, 0.865603
1.000000, 1.000000, 0.985292, 0.965663
0.625000, 0.521286, 0.442190, 0.378787
1.000000, 1.000000, 1.000000, 1.000000
1.000000, 1.000000, 1.000000, 1.000000
1.000000, 1.000000, 1.000000, 1.000000
0.928571, 0.886405, 0.838382, 0.809107
0.950000, 0.894427, 0.832889, 0.781945
0.750000, 0.688247, 0.640824, 0.593218
0.947368, 0.917663, 0.885147, 0.849233
0.904762, 0.823754, 0.753947, 0.698534
0.764706, 0.757317, 0.749237, 0.740342
0.823529, 0.752447, 0.670888, 0.623347
0.846154, 0.796628, 0.739160, 0.670342
0.894737, 0.834210, 0.766475, 0.666221
0.863636, 0.836142, 0.806382, 0.773932
0.850000, 0.819178, 0.785493, 0.748329
1.000000, 0.960769, 0.916260, 0.864845
0.714286, 0.681385, 0.645369, 0.621639
0.881709, 0.880875, 0.879991, 0.879050
0.956522, 0.932505, 0.906675, 0.878742
1.000000, 1.000000, 1.000000, 1.000000
0.848863, 0.846085, 0.843084, 0.839829
1.000000, 1.000000, 1.000000, 1.000000
0.931034, 0.855294, 0.787130, 0.715852
0.950000, 0.894427, 0.853719, 0.814084
1.000000, 1.000000, 1.000000, 1.000000
0.894737, 0.863489, 0.829219, 0.808663
1.000000, 1.000000, 1.000000, 1.000000
0.900000, 0.836660, 0.759147, 0.594604
1.000000, 1.000000, 1.000000, 1.000000
0.958333, 0.935414, 0.910849, 0.884387
0.894737, 0.834210, 0.789032, 0.744373
0.615385, 0.599145, 0.580685, 0.529018
0.875000, 0.804201, 0.743838, 0.681400
1.000000, 1.000000, 1.000000, 1.000000
0.736842, 0.671038, 0.620054, 0.568285
0.954545, 0.929320, 0.902090, 0.886705
0.731549, 0.647418, 0.545815, 0.407322
1.000000, 1.000000, 0.949914, 0.919323
0.645846, 0.492632, 0.319351, 0.220257
0.882353, 0.742611, 0.604219, 0.501047
0.647059, 0.532060, 0.455268, 0.377093
0.952381, 0.925820, 0.897029, 0.880663
0.919223, 0.918354, 0.917432, 0.916451
1.000000, 1.000000, 1.000000, 1.000000
0.812500, 0.771902, 0.726239, 0.673905
1.000000, 1.000000, 0.978717, 0.949414
1.000000, 1.000000, 1.000000, 0.983995
0.882353, 0.778857, 0.713984, 0.653144
1.000000, 1.000000, 1.000000, 1.000000
0.888889, 0.885615, 0.882062, 0.878188
0.800000, 0.730297, 0.643660, 0.581431
0.857143, 0.801784, 0.760504, 0.720039
1.000000, 1.000000, 0.971413, 0.930605
1.000000, 0.968246, 0.933128, 0.893865
1.000000, 1.000000, 1.000000, 1.000000
0.944444, 0.881917, 0.858143, 0.843223
1.000000, 0.968246, 0.933128, 0.913522
0.888889, 0.824463, 0.776018, 0.727682
1.000000, 1.000000, 1.000000, 1.000000
1.000000, 1.000000, 1.000000, 1.000000
0.733333, 0.686607, 0.633175, 0.570282
1.000000, 1.000000, 1.000000, 1.000000
1.000000, 1.000000, 1.000000, 0.989416
1.000000, 0.966092, 0.928318, 0.907058
0.810773, 0.736053, 0.648644, 0.571102
0.913043, 0.887996, 0.861028, 0.831818
1.000000, 0.974679, 0.965489, 0.960185
0.900000, 0.870572, 0.838471, 0.785872
0.928571, 0.886405, 0.838382, 0.782542
0.803832, 0.783649, 0.761943, 0.738468
0.736842, 0.729496, 0.721538, 0.712874
0.680000, 0.651920, 0.621634, 0.588699
0.777778, 0.763763, 0.746901, 0.725980
0.875000, 0.763763, 0.663176, 0.578733
0.888889, 0.855585, 0.818834, 0.777811
0.958333, 0.935414, 0.910849, 0.897115
1.000000, 1.000000, 1.000000, 1.000000
0.804958, 0.768405, 0.726775, 0.678369
0.681818, 0.649675, 0.614589, 0.575852
0.833333, 0.798282, 0.759501, 0.716035
1.000000, 1.000000, 1.000000, 1.000000
0.673302, 0.670822, 0.668131, 0.665197
0.961538, 0.940540, 0.918165, 0.894226
1.000000, 1.000000, 1.000000, 1.000000
0.961538, 0.940540, 0.918165, 0.882220
1.000000, 0.960769, 0.916260, 0.864845
0.962963, 0.902671, 0.852362, 0.801577
0.705882, 0.664211, 0.617358, 0.585660
1.000000, 1.000000, 1.000000, 1.000000
0.933333, 0.894427, 0.878038, 0.866642
0.954545, 0.929320, 0.902090, 0.872513
1.000000, 1.000000, 1.000000, 1.000000
0.954545, 0.904534, 0.849775, 0.772036
0.875173, 0.875173, 0.875173, 0.875173
1.000000, 1.000000, 1.000000, 1.000000
0.866667, 0.786796, 0.693361, 0.577350
0.928571, 0.845154, 0.780897, 0.713896
1.000000, 1.000000, 1.000000, 1.000000
1.000000, 1.000000, 1.000000, 1.000000
0.536693, 0.473757, 0.395683, 0.335474
0.947368, 0.917663, 0.885147, 0.849233
1.000000, 1.000000, 1.000000, 1.000000
1.000000, 1.000000, 1.000000, 1.000000
0.810773, 0.806306, 0.776309, 0.734962
0.823529, 0.785905, 0.743960, 0.696471
0.923077, 0.877058, 0.823982, 0.761161
1.000000, 1.000000, 1.000000, 1.000000
1.000000, 1.000000, 1.000000, 1.000000
0.733333, 0.723747, 0.713112, 0.701206
1.000000, 1.000000, 1.000000, 1.000000
1.000000, 1.000000, 1.000000, 1.000000
0.920044, 0.899821, 0.863278, 0.831999
0.920044, 0.920044, 0.920044, 0.920044
1.000000, 1.000000, 1.000000, 1.000000
1.000000, 1.000000, 1.000000, 1.000000
0.954545, 0.929320, 0.902090, 0.857593
0.904762, 0.876954, 0.865180, 0.857106
0.055556, 0.030734, 0.020434, 0.014238
0.235294, 0.121268, 0.065247, 0.040945
0.113099, 0.042156, 0.024789, 0.016370
0.248566, 0.114385, 0.059581, 0.036747
0.210526, 0.108148, 0.058730, 0.036950
0.100000, 0.039708, 0.023586, 0.015506
0.091116, 0.030698, 0.018017, 0.012272
0.078648, 0.024459, 0.013482, 0.008587
0.137931, 0.040728, 0.021788, 0.013528
0.081760, 0.023876, 0.013076, 0.008414
0.083333, 0.033933, 0.020261, 0.013319
0.027253, 0.013785, 0.009067, 0.006393
0.043478, 0.024893, 0.016662, 0.011604
0.122245, 0.032220, 0.016879, 0.010520
0.000000, 0.000000, 0.000000, 0.000000
0.000000, 0.000000, 0.000000, 0.000000
0.131908, 0.049167, 0.028911, 0.019092
0.210526, 0.058684, 0.031011, 0.019246
0.045455, 0.025866, 0.017292, 0.012042
0.069967, 0.028326, 0.016892, 0.011103
0.035714, 0.020994, 0.014136, 0.009850
0.054881, 0.027759, 0.018258, 0.012874
0.110926, 0.043035, 0.025454, 0.016748
0.078728, 0.028984, 0.017020, 0.011260
0.206897, 0.049881, 0.024941, 0.014971
0.150000, 0.048632, 0.026999, 0.017160
0.066667, 0.035910, 0.023771, 0.016591
0.000000, 0.000000, 0.000000, 0.000000
0.153846, 0.044777, 0.023875, 0.014817
0.252721, 0.118046, 0.059441, 0.036416
0.147699, 0.042762, 0.022774, 0.014132
0.200000, 0.051792, 0.026576, 0.016187
0.173913, 0.088911, 0.049053, 0.031014
0.150000, 0.048632, 0.026999, 0.017160
0.056549, 0.029809, 0.019675, 0.013765
0.000000, 0.000000, 0.000000, 0.000000
0.081873, 0.041412, 0.027237, 0.019205
0.000000, 0.000000, 0.000000, 0.000000
0.139594, 0.042966, 0.023648, 0.015077
0.122810, 0.039816, 0.022105, 0.014049
0.000000, 0.000000, 0.000000, 0.000000
0.069935, 0.026363, 0.015524, 0.010238
0.125000, 0.041560, 0.023193, 0.014740
0.000000, 0.000000, 0.000000, 0.000000
0.065954, 0.034767, 0.022947, 0.016054
0.000000, 0.000000, 0.000000, 0.000000
0.043478, 0.024893, 0.016662, 0.011604
0.142857, 0.053852, 0.031711, 0.020913
0.058713, 0.031930, 0.021167, 0.014763
0.109236, 0.035160, 0.019493, 0.012391
0.076923, 0.031662, 0.018950, 0.012459
0.130435, 0.043116, 0.024031, 0.015272
0.000000, 0.000000, 0.000000, 0.000000
0.052632, 0.029342, 0.019536, 0.013609
0.039110, 0.021067, 0.013945, 0.009733
0.222222, 0.114332, 0.061810, 0.038837
0.049713, 0.027502, 0.018285, 0.012741
0.125000, 0.041560, 0.023193, 0.014740
0.080000, 0.032756, 0.019581, 0.012873
0.039360, 0.022254, 0.014857, 0.010347
0.000000, 0.000000, 0.000000, 0.000000
0.038494, 0.020291, 0.013393, 0.009370
0.173913, 0.088911, 0.049053, 0.031014
0.000000, 0.000000, 0.000000, 0.000000
0.000000, 0.000000, 0.000000, 0.000000
0.142857, 0.084515, 0.048553, 0.031366
0.056549, 0.029809, 0.019675, 0.013765
0.000000, 0.000000, 0.000000, 0.000000
0.105263, 0.041496, 0.024614, 0.016184
0.222222, 0.114332, 0.061810, 0.038837
0.166667, 0.099015, 0.056158, 0.036142
0.000000, 0.000000, 0.000000, 0.000000
0.133456, 0.042625, 0.023598, 0.015005
0.153846, 0.044777, 0.023875, 0.014817
0.043293, 0.024478, 0.016342, 0.011381
0.136364, 0.044801, 0.024939, 0.015848
0.156439, 0.080965, 0.043108, 0.026985
0.137178, 0.081797, 0.045938, 0.029490
0.181818, 0.051732, 0.027449, 0.017030
0.062500, 0.033989, 0.022532, 0.015715
0.117647, 0.045643, 0.026996, 0.017762
0.052689, 0.027060, 0.017815, 0.012518
0.057651, 0.030734, 0.020315, 0.014194
0.100000, 0.039708, 0.023586, 0.015506
0.081873, 0.041412, 0.027237, 0.019205
0.214286, 0.128388, 0.071303, 0.045665
0.250000, 0.062783, 0.032011, 0.019497
0.142857, 0.046633, 0.025924, 0.016475
0.047769, 0.025731, 0.017032, 0.011888
0.038462, 0.022389, 0.015040, 0.010477
0.100000, 0.039708, 0.023586, 0.015506
0.141080, 0.051940, 0.030500, 0.020178
0.045405, 0.025672, 0.017139, 0.011936
0.086957, 0.035204, 0.020993, 0.013800
0.000000, 0.000000, 0.000000, 0.000000
0.055463, 0.030430, 0.020203, 0.014083
0.047619, 0.026924, 0.017975, 0.012518
0.207257, 0.107027, 0.057293, 0.035909
0.204248, 0.055009, 0.028901, 0.017972
0.148148, 0.043336, 0.023133, 0.014358
0.181818, 0.051732, 0.027449, 0.017030
0.060653, 0.030679, 0.020178, 0.014228
0.000000, 0.000000, 0.000000, 0.000000
0.032557, 0.017356, 0.011472, 0.008015
0.000000, 0.000000, 0.000000, 0.000000
0.000000, 0.000000, 0.000000, 0.000000
0.083333, 0.033933, 0.020261, 0.013319
0.250000, 0.062783, 0.032011, 0.019497
0.117647, 0.045643, 0.026996, 0.017762
0.044688, 0.024071, 0.015934, 0.011122
0.037037, 0.021668, 0.014573, 0.010153
0.000000, 0.000000, 0.000000, 0.000000
0.187500, 0.058871, 0.032497, 0.020682
0.129800, 0.047787, 0.028061, 0.018565
0.269231, 0.103775, 0.052680, 0.031900
0.064516, 0.027175, 0.016352, 0.010760
0.214286, 0.065955, 0.036300, 0.023144
0.100000, 0.039708, 0.023586, 0.015506
0.090909, 0.036580, 0.021786, 0.014320
0.030119, 0.015235, 0.010020, 0.007065
0.130435, 0.043116, 0.024031, 0.015272
0.208333, 0.053653, 0.027498, 0.016747
0.105263, 0.041496, 0.024614, 0.016184
0.000000, 0.000000, 0.000000, 0.000000
0.085911, 0.033036, 0.019511, 0.012845
0.130435, 0.043116, 0.024031, 0.015272
0.055463, 0.030430, 0.020203, 0.014083
0.086957, 0.035204, 0.020993, 0.013800
0.130435, 0.043116, 0.024031, 0.015272
0.130435, 0.043116, 0.024031, 0.015272
0.076923, 0.040549, 0.026763, 0.018724
0.046531, 0.024806, 0.016396, 0.011456
0.049307, 0.027053, 0.017960, 0.012520
0.105263, 0.041496, 0.024614, 0.016184
0.051814, 0.028178, 0.018680, 0.013028
0.058824, 0.032274, 0.021427, 0.014936
0.179133, 0.053847, 0.029554, 0.018903
0.052295, 0.028692, 0.019049, 0.013278
0.050000, 0.028078, 0.018720, 0.013039
0.071429, 0.038079, 0.025169, 0.017585
0.200000, 0.062198, 0.034283, 0.021836
0.066908, 0.025729, 0.015195, 0.010003
0.074074, 0.030643, 0.018361, 0.012074
0.041667, 0.023994, 0.016081, 0.011200
0.105107, 0.041115, 0.024353, 0.016017
0.129879, 0.042397, 0.023569, 0.014978
0.076323, 0.030899, 0.018426, 0.012112
0.090909, 0.036580, 0.021786, 0.014320
0.000000, 0.000000, 0.000000, 0.000000
0.109164, 0.041579, 0.024520, 0.016154
0.103448, 0.035271, 0.019796, 0.012589
0.065954, 0.034767, 0.022947, 0.016054
0.051062, 0.027505, 0.018207, 0.012708
0.100000, 0.039708, 0.023586, 0.015506
0.043478, 0.024893, 0.016662, 0.011604
0.038494, 0.020291, 0.013393, 0.009370
0.129971, 0.040004, 0.022017, 0.014037
0.176471, 0.055901, 0.030903, 0.019657
0.055463, 0.030430, 0.020203, 0.014083
0.055556, 0.030734, 0.020434, 0.014238
0.100000, 0.039708, 0.023586, 0.015506
0.000000, 0.000000, 0.000000, 0.000000
0.049977, 0.026643, 0.017610, 0.012304
0.095238, 0.038076, 0.022647, 0.014887
0.050000, 0.028078, 0.018720, 0.013039
0.090909, 0.036580, 0.021786, 0.014320
0.000000, 0.000000, 0.000000, 0.000000
0.057703, 0.029635, 0.019510, 0.013709
0.000000, 0.000000, 0.000000, 0.000000
0.000000, 0.000000, 0.000000, 0.000000
0.123840, 0.046683, 0.027490, 0.018129
0.000000, 0.000000, 0.000000, 0.000000
0.070954, 0.029052, 0.017367, 0.011418
0.095238, 0.038076, 0.022647, 0.014887
0.089888, 0.035435, 0.021019, 0.013820
0.095238, 0.038076, 0.022647, 0.014887
0.074074, 0.030643, 0.018361, 0.012074
0.000000, 0.000000, 0.000000, 0.000000
0.047619, 0.026924, 0.017975, 0.012518
0.150000, 0.048632, 0.026999, 0.017160
0.023875, 0.012431, 0.008194, 0.005743
0.107143, 0.036363, 0.020387, 0.012963
0.178571, 0.081325, 0.043927, 0.027415
0.000000, 0.000000, 0.000000, 0.000000
0.071429, 0.038079, 0.025169, 0.017585
0.086957, 0.035204, 0.020993, 0.013800
0.117647, 0.045643, 0.026996, 0.017762
0.187500, 0.111803, 0.062790, 0.040308
0.100000, 0.039708, 0.023586, 0.015506
0.004260, 0.001975, 0.001307, 0.000961
0.185185, 0.048451, 0.024919, 0.015182
0.000000, 0.000000, 0.000000, 0.000000
0.000000, 0.000000, 0.000000, 0.000000
0.199513, 0.119537, 0.066387, 0.042517
0.137178, 0.043071, 0.023775, 0.015132
0.047561, 0.026708, 0.017807, 0.012403
0.041667, 0.023994, 0.016081, 0.011200
0.090909, 0.036580, 0.021786, 0.014320
0.095238, 0.038076, 0.022647, 0.014887
0.153846, 0.044777, 0.023875, 0.014817
0.090909, 0.036580, 0.021786, 0.014320
0.000000, 0.000000, 0.000000, 0.000000
0.019334, 0.009212, 0.006068, 0.004379
0.000000, 0.000000, 0.000000, 0.000000
0.000000, 0.000000, 0.000000, 0.000000
0.043478, 0.024893, 0.016662, 0.011604
0.000000, 0.000000, 0.000000, 0.000000
0.115385, 0.038778, 0.021692, 0.013789
0.056597, 0.021096, 0.012405, 0.008192
0.111111, 0.037530, 0.021018, 0.013362
0.064900, 0.033790, 0.022272, 0.015611
0.000000, 0.000000, 0.000000, 0.000000
0.000000, 0.000000, 0.000000, 0.000000
0.000000, 0.000000, 0.000000, 0.000000
0.043478, 0.024893, 0.016662, 0.011604
0.122142, 0.045527, 0.026771, 0.017678
0.130435, 0.043116, 0.024031, 0.015272
0.090909, 0.036580, 0.021786, 0.014320
0.052632, 0.029342, 0.019536, 0.013609
0.277778, 0.068723, 0.034941, 0.021291
0.115385, 0.038778, 0.021692, 0.013789
0.016760, 0.007986, 0.005261, 0.003796
0.050000, 0.028078, 0.018720, 0.013039
0.133009, 0.050140, 0.029525, 0.019471
0.109762, 0.034135, 0.018815, 0.011984
0.041667, 0.023994, 0.016081, 0.011200
0.208333, 0.095173, 0.050768, 0.031544
0.000000, 0.000000, 0.000000, 0.000000
0.120000, 0.040118, 0.022415, 0.014247
0.238095, 0.060203, 0.030737, 0.018719
0.142857, 0.046633, 0.025924, 0.016475
0.125000, 0.048068, 0.028389, 0.018689
0.000000, 0.000000, 0.000000, 0.000000
0.050000, 0.028078, 0.018720, 0.013039
0.000000, 0.000000, 0.000000, 0.000000
0.052632, 0.029342, 0.019536, 0.013609
0.040000, 0.023162, 0.015542, 0.010825
0.043478, 0.024893, 0.016662, 0.011604
0.058713, 0.031930, 0.021167, 0.014763
0.066667, 0.035910, 0.023771, 0.016591
0.050544, 0.026316, 0.017346, 0.012158
0.000000, 0.000000, 0.000000, 0.000000
0.039360, 0.022254, 0.014857, 0.010347
0.080000, 0.032756, 0.019581, 0.012873
0.109164, 0.041579, 0.024520, 0.016154
0.105107, 0.041115, 0.024353, 0.016017
0.101088, 0.037217, 0.021854, 0.014458
0.153975, 0.080131, 0.042158, 0.026333
0.125000, 0.041560, 0.023193, 0.014740
0.100000, 0.039708, 0.023586, 0.015506
0.000000, 0.000000, 0.000000, 0.000000
0.089866, 0.027948, 0.015404, 0.009811
0.037037, 0.021668, 0.014573, 0.010153
0.044485, 0.024610, 0.016362, 0.011401
0.130435, 0.043116, 0.024031, 0.015272
0.094746, 0.037350, 0.022154, 0.014567
0.166667, 0.047989, 0.025527, 0.015839
0.000000, 0.000000, 0.000000, 0.000000
0.123840, 0.040425, 0.022473, 0.014282
0.000000, 0.000000, 0.000000, 0.000000
0.200000, 0.071532, 0.041915, 0.027896
