1.3219522828832886
3.5888845937473155
1.2447374906486468
1.624463707115754
1.484101822934708
2.7313591869261034
1.0868291129008074
1.4622003849641303
3.7307315613320546
2.1655204202728706
1.3968188096042031
1.4372491180624627
1.1662785290686433
2.671011287740847
1.1976523308073068
1.8023882297479081
2.0395100783063773
2.619048529756919
1.1784380439043938
1.556211654909732
3.354028036924319
1.4092241610936787
1.9569315952197637
1.816432837996197
1.1849335225397288
3.763471840087355
1.4356816056265438
1.2749985468709901
2.9062510059629143
2.218370369094132
3.3012898931160284
1.3333468765659495
1.2950986303119483
2.818310565628202
1.6829244921692732
1.980355057717142
1.4270052871738241
1.4244482002606405
1.410996555834983
1.4536985270945912
2.191487543996873
1.3035386573282788
1.398219618155435
3.104640726354775
2.8116086089492383
1.532761858199583
1.4055859567718174
1.6563989490072952
1.201291199230996
1.1128313728574764
1.3781360566448435
1.9481473083800795
1.4011976310632677
1.5762077800767718
1.4853658432543309
4.993843202369525
1.2207515633132302
2.6698909177759322
1.2075686520181592
1.369431165582713
4.681080528905822
1.9693154767350238
2.610488389446995
1.517012329966043
1.5781789863637383
1.1638910708414427
1.4872466549748806
2.163505862480788
1.8868126795188291
1.4216273546715585
2.3920264194554868
1.412691214775675
1.5351223947173096
4.253604530743479
1.5690475484378719
2.0763250587374382
1.8294767108437642
1.4506291289689766
1.3080085066433413
1.1983458737078574
1.3018997967479329
2.4101786444045943
1.3690732972475217
1.7720814285795823
2.424486690388413
1.3286261949438678
2.930513617345615
1.4743167905183054
1.7351536632944327
1.0861707972597967
1.4450794156002458
2.060740366099667
1.1558957209292926
3.2544769549142294
2.4213861307107063
1.5032884022417379
1.28444725591576
1.5964482455301008
1.475447874349029
1.3797217224916585
5.549933619592543
1.384194109112847
1.4565448998836343
1.2634341288752886
1.1867103188394055
1.0673202695953072
1.5231209973187647
2.5130717099734885
1.4667164675785196
2.0882518739122715
2.2310803890751028
1.3037782221981766
1.7868288931737162
2.107599366481638
1.7110598260263854
3.638992945985549
1.9276138799226763
1.71821634190101
5.8819010900468705
1.2320536398060922
1.4894532604857553
1.39366200489276
1.476013681026405
4.063290373464858
1.2141140734939961
1.7575210568418356
1.7300924918731038
1.0946067202304224
1.1537955104245532
1.1785430664629952
1.558240513347096
1.486015856465513
2.0111226334627537
1.5223206806551293
1.5278871327470371
2.7356368871139574
1.9423435361909174
1.5121788956512905
1.207813904473953
1.7633373537053705
2.5520584018954025
1.1918732972306392
1.6009692194652472
1.4631084825149097
2.768646579451021
1.136544219800011
1.586121777420955
1.5150422433337252
3.188464317611428
2.249548969669469
1.7155000737388388
1.582559768843465
1.7415200197207203
1.8551366685100996
1.6749448732274543
2.1354029929735963
1.3614234009881474
3.318629480958136
1.5209310355368595
1.2071872918157214
1.5160726639291224
1.1391128332915414
1.263542612194058
1.4782102346810015
1.4979706594387165
2.1030341053711914
1.2603689946747187
1.6179112418225408
1.5540714217843168
1.506950510726358
1.6248875154850408
1.2763308887104425
1.9287407500547011
2.4940436064748055
1.2787912494593308
1.5433521220093116
2.198978128605332
1.7824737516063263
1.08561944057206
1.950571274793617
1.6982082844658122
4.428239190920747
2.110853011542722
2.3174196737478083
2.454234742118956
1.5612080012574359
2.0484765853860996
2.3286662515760796
1.7188239799035194
1.4353485157504158
6.270180031311925
2.0674841871656895
2.996672572401214
2.1823099099058116
1.1811311140032306
1.1839112259797269
1.566314587225031
1.2681984739516081
1.1852642283067865
1.373974459110479
3.0061689085841383
1.1175301001730216
1.3157124434528251
2.280943459647378
1.4615317001299544
1.3556414736856948
1.5921336332875278
3.2260515579492233
1.481395664236493
1.8279373492511959
1.3704373778824859
1.1298842465141914
1.6481144031054205
19.151866867285477
2.0765535533918444
1.4486888166288363
1.0993552417114385
2.835055490374222
1.504530717739677
4.2727855602280576
2.5869703794764374
1.2507511613334965
1.6956796717618163
1.166484776190405
1.2619422027183134
2.6181396543350957
3.7232200216424567
1.4785011369893637
1.3906425012182742
2.349104450345731
1.8344159400927107
1.3155455037325443
1.2752119742795553
1.3590626413386728
1.4975050201325524
1.277588406452076
2.6158413216504277
1.6614794372137214
3.208862154082986
2.611955743119694
1.2238351891210486
1.318160499463164
1.2773794349238667
1.2523010547943092
1.190560936515691
4.3188033659341425
3.511277374929011
2.609386872728044
1.3699586272763047
3.9244591087841636
1.2731704631659133
1.4967364417965507
1.3233031615821766
1.5146053737699432
1.1949736127409802
1.3940523186624163
3.9999818827813947
1.2768242983347016
1.6810010737046568
1.5941388723640784
